Иванов 1500 1800 2000 1500 5415
Петров 1456 4564 5456 4153 4165
Волков 5456 456 546 216
Смирнов 14564 456 452 456
Кузнецов 456 489 489 2489
Соколов 486 8784 548 4868
Попов 4564 456 465 480
Лебедев 1534 54561 4561 556
Козлов 155646 15161 52315 56145
Новиков 156 2121 1653 123 321
Морозов 231 132 231 456 897
Соловьёв 5456 5456 1265 5445
Васильев 4585 155 5645 45654
Зайцев 5462 56413 5566 6578
Павлов 16554 445 45 546
Семёнов 543 645 645 5132
Голубев 456 4566 46546 5564
Виноградов 4521 1566 1566 456
Богданов 4846 15000 5000 4161
Воробьёв 5000 5000 5000 5000